0.278   0.950549255277214
0.279   0.9501304683015964
0.284   0.9480148917120979
0.295   0.9432360295301254
0.29600000000000004   0.9427932566648668
0.32   0.9317681067722
0.334   0.9250011551571151
0.342   0.9210304287288913
0.343   0.9205289614554304
0.345   0.9195226692874722
0.348   0.9180049192327485
0.35   0.9169876087977026
0.35100000000000003   0.9164773269935038
0.358   0.9128755076810798
0.392   0.8946924843021459
0.406   0.8869081383809747
0.415   0.8818234681792726
0.421   0.878401162267525
0.423   0.8772548658760422
0.424   0.876680706432496
0.4270000000000001   0.8749542501884898
0.442   0.8662372250291963
0.458   0.8567989001816425
0.461   0.8550148708631689
0.47   0.8496383198848662
0.48   0.8436250345265206
0.485   0.8406044366884652
0.498   0.8327129724543465
0.528   0.8143445115378786
0.53   0.8131144695794418
0.547   0.8026437683139523
0.55   0.8007941357715769
0.556   0.7970942245067405
0.56   0.7946275106335384
0.562   0.7933942236232332
0.5710000000000001   0.78784604077407
0.5760000000000001   0.784765619306656
0.579   0.782918292644957
0.58   0.7823026952458663
0.581   0.7816871934705759
0.594   0.7736961294229098
0.596   0.7724687629563495
0.597   0.7718553124221681
0.609   0.7645074236679524
0.62   0.757797362255994
0.63   0.7517224161672384
0.635   0.7486949741633508
0.642   0.744468760312814
0.65   0.7396574532381366
0.652   0.7384579027818066
0.655   0.736661128156691
0.67   0.7277256814731624
0.684   0.7194645202297428
0.7020000000000001   0.7089657540482807
0.7090000000000001   0.7049228073433902
0.722   0.6974772736381395
0.723   0.6969080196580215
0.73   0.692937534007785
0.7340000000000001   0.6906800759527418
0.737   0.6889925065015723
0.75   0.6817356016517565
0.752   0.6806273640813835
0.768   0.6718425612905402
0.775   0.6680455045464839
0.79   0.6600065987917444
0.792   0.658944969675336
0.826   0.641276431079115
0.87   0.6195127692080515
0.8809999999999999   0.6142717923228977
0.919   0.5967934225961709
0.93   0.5919165421410578
0.933   0.5906007625320483
0.937   0.588855912976655
0.972   0.5740525680420543
1.003   0.5616342395613214
1.026   0.5528378373639423
1.035   0.549491652999169
1.0659999999999998   0.5383741612364811
1.067   0.5380259820270105
1.075   0.5352638575311902
1.132   0.5167640982057756
1.162   0.5078380554501781
1.186   0.5010868170809687
1.221   0.4918445713559465
1.32   0.4693729475832983
